Token-Position Alignment:
Token    | P1   | P2   | P3   | Segment
---------------------------------------
Tokens:  0  0  1  2  +  0  0  2  3  +  0  0  3  4  +  0  0  4  5  +  0  0  5  6  +  0  0  6  7  +  0  0  7  8  +  0  0  8  9  +  0  0  9  0  +  0  0  0  1  +  0  0  1  2  +  0  0  2  3  +  0  0  3  4  +  0  0  4  5  +  0  0  5  6  +  0  0  0  6  +  0  0  0  7  +  0  0  0  8  +  0  0  0  9  =  0  0  0  0  >  2  1  0  0  >  5  3  0  0  >  9  6  0  0  >  14 11 1  0  >  10 7  1  0  >  7  13 2  0  >  15 11 3  0  >  14 10 4  0  >  4  9  4  0  >  5  9  4  0  >  7  10 5  0  >  10 3  5  0  >  4  6  5  0  >  9  10 6  0  >  15 6  6  0  >  11 7  6  0  >  8  7  6  0  >  16 8  6  0  >  15 9  6  0  >  9  18 7  0  # 
Correct: 0  0  1  2  +  0  0  2  3  +  0  0  3  4  +  0  0  4  5  +  0  0  5  6  +  0  0  6  7  +  0  0  7  8  +  0  0  8  9  +  0  0  9  0  +  0  0  0  1  +  0  0  1  2  +  0  0  2  3  +  0  0  3  4  +  0  0  4  5  +  0  0  5  6  +  0  0  0  6  +  0  0  0  7  +  0  0  0  8  +  0  0  0  9  =  0  0  0  0  22 2  1  0  0  22 5  3  0  0  22 9  6  0  0  22 14 11 1  0  22 10 7  1  0  22 7  13 2  0  22 15 11 3  0  22 14 10 4  0  22 4  9  4  0  22 5  9  4  0  22 7  10 5  0  22 10 3  5  0  22 4  6  5  0  22 9  10 6  0  22 15 6  6  0  22 11 7  6  0  22 8  7  6  0  22 16 8  6  0  22 15 9  6  0  23
P1:      1  1  1  1  2  2  2  2  2  3  3  3  3  3  4  4  4  4  4  5  5  5  5  5  6  6  6  6  6  7  7  7  7  7  8  8  8  8  8  9  9  9  9  9  10 10 10 10 10 11 11 11 11 11 12 12 12 12 12 13 13 13 13 13 14 14 14 14 14 15 15 15 15 15 16 16 16 16 16 17 17 17 17 17 18 18 18 18 18 19 19 19 19 19 20 1  1  1  1  2  2  2  2  2  3  3  3  3  3  4  4  4  4  4  5  5  5  5  5  6  6  6  6  6  7  7  7  7  7  8  8  8  8  8  9  9  9  9  9  10 10 10 10 10 11 11 11 11 11 12 12 12 12 12 13 13 13 13 13 14 14 14 14 14 15 15 15 15 15 16 16 16 16 16 17 17 17 17 17 18 18 18 18 18 19 19 19 19 19 20 20 20 20 20 21 21 21 21 21 22
P2:      4  3  2  1  5  4  3  2  1  5  4  3  2  1  5  4  3  2  1  5  4  3  2  1  5  4  3  2  1  5  4  3  2  1  5  4  3  2  1  5  4  3  2  1  5  4  3  2  1  5  4  3  2  1  5  4  3  2  1  5  4  3  2  1  5  4  3  2  1  5  4  3  2  1  5  4  3  2  1  5  4  3  2  1  5  4  3  2  1  5  4  3  2  1  5  1  2  3  4  0  1  2  3  4  0  1  2  3  4  0  1  2  3  4  0  1  2  3  4  0  1  2  3  4  0  1  2  3  4  0  1  2  3  4  0  1  2  3  4  0  1  2  3  4  0  1  2  3  4  0  1  2  3  4  0  1  2  3  4  0  1  2  3  4  0  1  2  3  4  0  1  2  3  4  0  1  2  3  4  0  1  2  3  4  0  1  2  3  4  0  1  2  3  4  0  1  2  3  4  0 
P3:      1  1  1  1  1  1  1  1  1  1  1  1  1  1  1  1  1  1  1  1  1  1  1  1  1  1  1  1  1  1  1  1  1  1  1  1  1  1  1  1  1  1  1  1  1  1  1  1  1  1  1  1  1  1  1  1  1  1  1  1  1  1  1  1  1  1  1  1  1  1  1  1  1  1  1  1  1  1  1  1  1  1  1  1  1  1  1  1  1  1  1  1  1  1  1  2  2  2  2  2  2  2  2  2  2  2  2  2  2  2  2  2  2  2  2  2  2  2  2  2  2  2  2  2  2  2  2  2  2  2  2  2  2  2  2  2  2  2  2  2  2  2  2  2  2  2  2  2  2  2  2  2  2  2  2  2  2  2  2  2  2  2  2  2  2  2  2  2  2  2  2  2  2  2  2  2  2  2  2  2  2  2  2  2  2  2  2  2  2  2  2  2  2  2  2  2  2  2  2  2 
Final Decoded Sum: 789
Correct Sum:       695
❌ Incorrect.
(iml) 